$ANSIBLE_VAULT;1.1;AES256
63623463353735303962383935623330353537663163643933353337613739386264356465386534
3130623933663064656164333934353963373739333730390a663038366234353465363430393636
62663765343431626138386565396265333234656663343737386664356666343162333238633562
3062643865353330620a633334363665626437663239383463343139653236623835383137623337
65346138373936616264373534623938393739356662663465373637633962653934616334616163
30336333316636363762333533363931313564633165616561613933373438323232306566623266
37376134376236396534666166366663626431363134386536633935373432303431663066633337
38636333346633363864386537643939306430326135626563333530373637643031306364376638
31313233373233336336333734623337383735396330363131373635326133663938343832313733
31633864646639373762613939653935366366373634323331363033616264376634316661663032
66303265353532313662346562343933653834636631303362343066663031376632356236303562
63306334323133646232393731383839313133396165653938303265643038373035613961653839
6537
